机组序号	第0段价格(元)	第一段价格(元)	第二段价格(元)	第三段价格(元)	第四段价格(元)	第五段价格(元)	第六段价格(元)
1                 0                 937.922                 1183.93                 1430.3                 1677.03                 1924.12                 2171.57
2                 0                 919.613                 1153.97                 1389                 1624.69                 1861.06                 2098.09
3                 0                 948.073                 1198.63                 1449.48                 1700.6                 1952                 2203.68
4                 0                 3565.98                 4625.66                 5687.66                 6751.96                 7818.56                 8887.48
5                 0                 3439.3                 4437.46                 5439.19                 6444.5                 7453.37                 8465.82
6                 0                 937.922                 1183.93                 1430.3                 1677.03                 1924.12                 2171.57
7                 0                 1010.84                 1376.72                 1744.64                 2114.61                 2486.61                 2860.66
8                 0                 919.613                 1153.97                 1389                 1624.69                 1861.06                 2098.09
9                 0                 919.613                 1153.97                 1389                 1624.69                 1861.06                 2098.09
10                 0                 3439.3                 4437.46                 5439.19                 6444.5                 7453.37                 8465.82
11                 0                 3439.3                 4437.46                 5439.19                 6444.5                 7453.37                 8465.82
12                 0                 937.922                 1183.93                 1430.3                 1677.03                 1924.12                 2171.57
13                 0                 919.613                 1153.97                 1389                 1624.69                 1861.06                 2098.09
14                 0                 1010.84                 1376.72                 1744.64                 2114.61                 2486.61                 2860.66
15                 0                 919.613                 1153.97                 1389                 1624.69                 1861.06                 2098.09
16                 0                 1010.84                 1376.72                 1744.64                 2114.61                 2486.61                 2860.66
17                 0                 937.922                 1183.93                 1430.3                 1677.03                 1924.12                 2171.57
18                 0                 919.613                 1153.97                 1389                 1624.69                 1861.06                 2098.09
19                 0                 1010.84                 1376.72                 1744.64                 2114.61                 2486.61                 2860.66
20                 0                 944.987                 1493.21                 2047.4                 2607.58                 3173.73                 3745.85
21                 0                 944.987                 1493.21                 2047.4                 2607.58                 3173.73                 3745.85
22                 0                 1010.84                 1376.72                 1744.64                 2114.61                 2486.61                 2860.66
23                 0                 1010.84                 1376.72                 1744.64                 2114.61                 2486.61                 2860.66
24                 0                 944.987                 1493.21                 2047.4                 2607.58                 3173.73                 3745.85
25                 0                 944.987                 1493.21                 2047.4                 2607.58                 3173.73                 3745.85
26                 0                 1010.84                 1376.72                 1744.64                 2114.61                 2486.61                 2860.66
27                 0                 3439.3                 4437.46                 5439.19                 6444.5                 7453.37                 8465.82
28                 0                 3439.3                 4437.46                 5439.19                 6444.5                 7453.37                 8465.82
29                 0                 3439.3                 4437.46                 5439.19                 6444.5                 7453.37                 8465.82
30                 0                 1178.44                 1517.2                 1858.23                 2201.54                 2547.12                 2894.98
31                 0                 937.922                 1183.93                 1430.3                 1677.03                 1924.12                 2171.57
32                 0                 919.613                 1153.97                 1389                 1624.69                 1861.06                 2098.09
33                 0                 948.073                 1198.63                 1449.48                 1700.6                 1952                 2203.68
34                 0                 1010.84                 1376.72                 1744.64                 2114.61                 2486.61                 2860.66
35                 0                 1010.84                 1376.72                 1744.64                 2114.61                 2486.61                 2860.66
36                 0                 3439.3                 4437.46                 5439.19                 6444.5                 7453.37                 8465.82
37                 0                 1010.84                 1376.72                 1744.64                 2114.61                 2486.61                 2860.66
38                 0                 937.922                 1183.93                 1430.3                 1677.03                 1924.12                 2171.57
39                 0                 3439.3                 4437.46                 5439.19                 6444.5                 7453.37                 8465.82
40                 0                 3439.3                 4437.46                 5439.19                 6444.5                 7453.37                 8465.82
41                 0                 937.922                 1183.93                 1430.3                 1677.03                 1924.12                 2171.57
42                 0                 919.613                 1153.97                 1389                 1624.69                 1861.06                 2098.09
43                 0                 3439.3                 4437.46                 5439.19                 6444.5                 7453.37                 8465.82
44                 0                 3439.3                 4437.46                 5439.19                 6444.5                 7453.37                 8465.82
45                 0                 3439.3                 4437.46                 5439.19                 6444.5                 7453.37                 8465.82
46                 0                 919.613                 1153.97                 1389                 1624.69                 1861.06                 2098.09
47                 0                 1010.84                 1376.72                 1744.64                 2114.61                 2486.61                 2860.66
48                 0                 1010.84                 1376.72                 1744.64                 2114.61                 2486.61                 2860.66
49                 0                 919.613                 1153.97                 1389                 1624.69                 1861.06                 2098.09
50                 0                 919.613                 1153.97                 1389                 1624.69                 1861.06                 2098.09
51                 0                 1010.84                 1376.72                 1744.64                 2114.61                 2486.61                 2860.66
52                 0                 1010.84                 1376.72                 1744.64                 2114.61                 2486.61                 2860.66
53                 0                 1010.84                 1376.72                 1744.64                 2114.61                 2486.61                 2860.66
54                 0                 1010.84                 1376.72                 1744.64                 2114.61                 2486.61                 2860.66
55                 0                 937.922                 1183.93                 1430.3                 1677.03                 1924.12                 2171.57
56                 0                 919.613                 1153.97                 1389                 1624.69                 1861.06                 2098.09
57                 0                 948.073                 1198.63                 1449.48                 1700.6                 1952                 2203.68
58                 0                 3565.98                 4625.66                 5687.66                 6751.96                 7818.56                 8887.48
59                 0                 3439.3                 4437.46                 5439.19                 6444.5                 7453.37                 8465.82
60                 0                 937.922                 1183.93                 1430.3                 1677.03                 1924.12                 2171.57
61                 0                 1010.84                 1376.72                 1744.64                 2114.61                 2486.61                 2860.66
62                 0                 919.613                 1153.97                 1389                 1624.69                 1861.06                 2098.09
63                 0                 919.613                 1153.97                 1389                 1624.69                 1861.06                 2098.09
64                 0                 3439.3                 4437.46                 5439.19                 6444.5                 7453.37                 8465.82
65                 0                 3439.3                 4437.46                 5439.19                 6444.5                 7453.37                 8465.82
66                 0                 937.922                 1183.93                 1430.3                 1677.03                 1924.12                 2171.57
67                 0                 919.613                 1153.97                 1389                 1624.69                 1861.06                 2098.09
68                 0                 1010.84                 1376.72                 1744.64                 2114.61                 2486.61                 2860.66
69                 0                 919.613                 1153.97                 1389                 1624.69                 1861.06                 2098.09
70                 0                 1010.84                 1376.72                 1744.64                 2114.61                 2486.61                 2860.66
71                 0                 937.922                 1183.93                 1430.3                 1677.03                 1924.12                 2171.57
72                 0                 919.613                 1153.97                 1389                 1624.69                 1861.06                 2098.09
73                 0                 1010.84                 1376.72                 1744.64                 2114.61                 2486.61                 2860.66
74                 0                 944.987                 1493.21                 2047.4                 2607.58                 3173.73                 3745.85
75                 0                 944.987                 1493.21                 2047.4                 2607.58                 3173.73                 3745.85
76                 0                 1010.84                 1376.72                 1744.64                 2114.61                 2486.61                 2860.66
77                 0                 1010.84                 1376.72                 1744.64                 2114.61                 2486.61                 2860.66
78                 0                 944.987                 1493.21                 2047.4                 2607.58                 3173.73                 3745.85
79                 0                 944.987                 1493.21                 2047.4                 2607.58                 3173.73                 3745.85
80                 0                 1010.84                 1376.72                 1744.64                 2114.61                 2486.61                 2860.66
81                 0                 3439.3                 4437.46                 5439.19                 6444.5                 7453.37                 8465.82
82                 0                 3439.3                 4437.46                 5439.19                 6444.5                 7453.37                 8465.82
83                 0                 3439.3                 4437.46                 5439.19                 6444.5                 7453.37                 8465.82
84                 0                 1178.44                 1517.2                 1858.23                 2201.54                 2547.12                 2894.98
85                 0                 937.922                 1183.93                 1430.3                 1677.03                 1924.12                 2171.57
86                 0                 919.613                 1153.97                 1389                 1624.69                 1861.06                 2098.09
87                 0                 948.073                 1198.63                 1449.48                 1700.6                 1952                 2203.68
88                 0                 1010.84                 1376.72                 1744.64                 2114.61                 2486.61                 2860.66
89                 0                 1010.84                 1376.72                 1744.64                 2114.61                 2486.61                 2860.66
90                 0                 3439.3                 4437.46                 5439.19                 6444.5                 7453.37                 8465.82
91                 0                 1010.84                 1376.72                 1744.64                 2114.61                 2486.61                 2860.66
92                 0                 937.922                 1183.93                 1430.3                 1677.03                 1924.12                 2171.57
93                 0                 3439.3                 4437.46                 5439.19                 6444.5                 7453.37                 8465.82
94                 0                 3439.3                 4437.46                 5439.19                 6444.5                 7453.37                 8465.82
95                 0                 937.922                 1183.93                 1430.3                 1677.03                 1924.12                 2171.57
96                 0                 919.613                 1153.97                 1389                 1624.69                 1861.06                 2098.09
97                 0                 3439.3                 4437.46                 5439.19                 6444.5                 7453.37                 8465.82
98                 0                 3439.3                 4437.46                 5439.19                 6444.5                 7453.37                 8465.82
99                 0                 3439.3                 4437.46                 5439.19                 6444.5                 7453.37                 8465.82
100                 0                 919.613                 1153.97                 1389                 1624.69                 1861.06                 2098.09
101                 0                 1010.84                 1376.72                 1744.64                 2114.61                 2486.61                 2860.66
102                 0                 1010.84                 1376.72                 1744.64                 2114.61                 2486.61                 2860.66
103                 0                 919.613                 1153.97                 1389                 1624.69                 1861.06                 2098.09
104                 0                 919.613                 1153.97                 1389                 1624.69                 1861.06                 2098.09
105                 0                 1010.84                 1376.72                 1744.64                 2114.61                 2486.61                 2860.66
106                 0                 1010.84                 1376.72                 1744.64                 2114.61                 2486.61                 2860.66
107                 0                 1010.84                 1376.72                 1744.64                 2114.61                 2486.61                 2860.66
108                 0                 1010.84                 1376.72                 1744.64                 2114.61                 2486.61                 2860.66
109                 0                 937.922                 1183.93                 1430.3                 1677.03                 1924.12                 2171.57
110                 0                 919.613                 1153.97                 1389                 1624.69                 1861.06                 2098.09
111                 0                 948.073                 1198.63                 1449.48                 1700.6                 1952                 2203.68
112                 0                 3565.98                 4625.66                 5687.66                 6751.96                 7818.56                 8887.48
113                 0                 3439.3                 4437.46                 5439.19                 6444.5                 7453.37                 8465.82
114                 0                 937.922                 1183.93                 1430.3                 1677.03                 1924.12                 2171.57
115                 0                 1010.84                 1376.72                 1744.64                 2114.61                 2486.61                 2860.66
116                 0                 919.613                 1153.97                 1389                 1624.69                 1861.06                 2098.09
117                 0                 919.613                 1153.97                 1389                 1624.69                 1861.06                 2098.09
118                 0                 3439.3                 4437.46                 5439.19                 6444.5                 7453.37                 8465.82
119                 0                 3439.3                 4437.46                 5439.19                 6444.5                 7453.37                 8465.82
120                 0                 937.922                 1183.93                 1430.3                 1677.03                 1924.12                 2171.57
121                 0                 919.613                 1153.97                 1389                 1624.69                 1861.06                 2098.09
122                 0                 1010.84                 1376.72                 1744.64                 2114.61                 2486.61                 2860.66
123                 0                 919.613                 1153.97                 1389                 1624.69                 1861.06                 2098.09
124                 0                 1010.84                 1376.72                 1744.64                 2114.61                 2486.61                 2860.66
125                 0                 937.922                 1183.93                 1430.3                 1677.03                 1924.12                 2171.57
126                 0                 919.613                 1153.97                 1389                 1624.69                 1861.06                 2098.09
127                 0                 1010.84                 1376.72                 1744.64                 2114.61                 2486.61                 2860.66
128                 0                 944.987                 1493.21                 2047.4                 2607.58                 3173.73                 3745.85
129                 0                 944.987                 1493.21                 2047.4                 2607.58                 3173.73                 3745.85
130                 0                 1010.84                 1376.72                 1744.64                 2114.61                 2486.61                 2860.66
131                 0                 1010.84                 1376.72                 1744.64                 2114.61                 2486.61                 2860.66
132                 0                 944.987                 1493.21                 2047.4                 2607.58                 3173.73                 3745.85
133                 0                 944.987                 1493.21                 2047.4                 2607.58                 3173.73                 3745.85
134                 0                 1010.84                 1376.72                 1744.64                 2114.61                 2486.61                 2860.66
135                 0                 3439.3                 4437.46                 5439.19                 6444.5                 7453.37                 8465.82
136                 0                 3439.3                 4437.46                 5439.19                 6444.5                 7453.37                 8465.82
137                 0                 3439.3                 4437.46                 5439.19                 6444.5                 7453.37                 8465.82
138                 0                 1178.44                 1517.2                 1858.23                 2201.54                 2547.12                 2894.98
139                 0                 937.922                 1183.93                 1430.3                 1677.03                 1924.12                 2171.57
140                 0                 919.613                 1153.97                 1389                 1624.69                 1861.06                 2098.09
141                 0                 948.073                 1198.63                 1449.48                 1700.6                 1952                 2203.68
142                 0                 1010.84                 1376.72                 1744.64                 2114.61                 2486.61                 2860.66
143                 0                 1010.84                 1376.72                 1744.64                 2114.61                 2486.61                 2860.66
144                 0                 3439.3                 4437.46                 5439.19                 6444.5                 7453.37                 8465.82
145                 0                 1010.84                 1376.72                 1744.64                 2114.61                 2486.61                 2860.66
146                 0                 937.922                 1183.93                 1430.3                 1677.03                 1924.12                 2171.57
147                 0                 3439.3                 4437.46                 5439.19                 6444.5                 7453.37                 8465.82
148                 0                 3439.3                 4437.46                 5439.19                 6444.5                 7453.37                 8465.82
149                 0                 937.922                 1183.93                 1430.3                 1677.03                 1924.12                 2171.57
150                 0                 919.613                 1153.97                 1389                 1624.69                 1861.06                 2098.09
151                 0                 3439.3                 4437.46                 5439.19                 6444.5                 7453.37                 8465.82
152                 0                 3439.3                 4437.46                 5439.19                 6444.5                 7453.37                 8465.82
153                 0                 3439.3                 4437.46                 5439.19                 6444.5                 7453.37                 8465.82
154                 0                 919.613                 1153.97                 1389                 1624.69                 1861.06                 2098.09
155                 0                 1010.84                 1376.72                 1744.64                 2114.61                 2486.61                 2860.66
156                 0                 1010.84                 1376.72                 1744.64                 2114.61                 2486.61                 2860.66
157                 0                 919.613                 1153.97                 1389                 1624.69                 1861.06                 2098.09
158                 0                 919.613                 1153.97                 1389                 1624.69                 1861.06                 2098.09
159                 0                 1010.84                 1376.72                 1744.64                 2114.61                 2486.61                 2860.66
160                 0                 1010.84                 1376.72                 1744.64                 2114.61                 2486.61                 2860.66
161                 0                 1010.84                 1376.72                 1744.64                 2114.61                 2486.61                 2860.66
162                 0                 1010.84                 1376.72                 1744.64                 2114.61                 2486.61                 2860.66
163                 0                 937.922                 1183.93                 1430.3                 1677.03                 1924.12                 2171.57
164                 0                 919.613                 1153.97                 1389                 1624.69                 1861.06                 2098.09
165                 0                 948.073                 1198.63                 1449.48                 1700.6                 1952                 2203.68
166                 0                 3565.98                 4625.66                 5687.66                 6751.96                 7818.56                 8887.48
167                 0                 3439.3                 4437.46                 5439.19                 6444.5                 7453.37                 8465.82
168                 0                 937.922                 1183.93                 1430.3                 1677.03                 1924.12                 2171.57
169                 0                 1010.84                 1376.72                 1744.64                 2114.61                 2486.61                 2860.66
170                 0                 919.613                 1153.97                 1389                 1624.69                 1861.06                 2098.09
171                 0                 919.613                 1153.97                 1389                 1624.69                 1861.06                 2098.09
172                 0                 3439.3                 4437.46                 5439.19                 6444.5                 7453.37                 8465.82
173                 0                 3439.3                 4437.46                 5439.19                 6444.5                 7453.37                 8465.82
174                 0                 937.922                 1183.93                 1430.3                 1677.03                 1924.12                 2171.57
175                 0                 919.613                 1153.97                 1389                 1624.69                 1861.06                 2098.09
176                 0                 1010.84                 1376.72                 1744.64                 2114.61                 2486.61                 2860.66
177                 0                 919.613                 1153.97                 1389                 1624.69                 1861.06                 2098.09
178                 0                 1010.84                 1376.72                 1744.64                 2114.61                 2486.61                 2860.66
179                 0                 937.922                 1183.93                 1430.3                 1677.03                 1924.12                 2171.57
180                 0                 919.613                 1153.97                 1389                 1624.69                 1861.06                 2098.09
181                 0                 1010.84                 1376.72                 1744.64                 2114.61                 2486.61                 2860.66
182                 0                 944.987                 1493.21                 2047.4                 2607.58                 3173.73                 3745.85
183                 0                 944.987                 1493.21                 2047.4                 2607.58                 3173.73                 3745.85
184                 0                 1010.84                 1376.72                 1744.64                 2114.61                 2486.61                 2860.66
185                 0                 1010.84                 1376.72                 1744.64                 2114.61                 2486.61                 2860.66
186                 0                 944.987                 1493.21                 2047.4                 2607.58                 3173.73                 3745.85
187                 0                 944.987                 1493.21                 2047.4                 2607.58                 3173.73                 3745.85
188                 0                 1010.84                 1376.72                 1744.64                 2114.61                 2486.61                 2860.66
189                 0                 3439.3                 4437.46                 5439.19                 6444.5                 7453.37                 8465.82
190                 0                 3439.3                 4437.46                 5439.19                 6444.5                 7453.37                 8465.82
191                 0                 3439.3                 4437.46                 5439.19                 6444.5                 7453.37                 8465.82
192                 0                 1178.44                 1517.2                 1858.23                 2201.54                 2547.12                 2894.98
193                 0                 937.922                 1183.93                 1430.3                 1677.03                 1924.12                 2171.57
194                 0                 919.613                 1153.97                 1389                 1624.69                 1861.06                 2098.09
195                 0                 948.073                 1198.63                 1449.48                 1700.6                 1952                 2203.68
196                 0                 1010.84                 1376.72                 1744.64                 2114.61                 2486.61                 2860.66
197                 0                 1010.84                 1376.72                 1744.64                 2114.61                 2486.61                 2860.66
198                 0                 3439.3                 4437.46                 5439.19                 6444.5                 7453.37                 8465.82
199                 0                 1010.84                 1376.72                 1744.64                 2114.61                 2486.61                 2860.66
200                 0                 937.922                 1183.93                 1430.3                 1677.03                 1924.12                 2171.57
201                 0                 3439.3                 4437.46                 5439.19                 6444.5                 7453.37                 8465.82
202                 0                 3439.3                 4437.46                 5439.19                 6444.5                 7453.37                 8465.82
203                 0                 937.922                 1183.93                 1430.3                 1677.03                 1924.12                 2171.57
204                 0                 919.613                 1153.97                 1389                 1624.69                 1861.06                 2098.09
205                 0                 3439.3                 4437.46                 5439.19                 6444.5                 7453.37                 8465.82
206                 0                 3439.3                 4437.46                 5439.19                 6444.5                 7453.37                 8465.82
207                 0                 3439.3                 4437.46                 5439.19                 6444.5                 7453.37                 8465.82
208                 0                 919.613                 1153.97                 1389                 1624.69                 1861.06                 2098.09
209                 0                 1010.84                 1376.72                 1744.64                 2114.61                 2486.61                 2860.66
210                 0                 1010.84                 1376.72                 1744.64                 2114.61                 2486.61                 2860.66
211                 0                 919.613                 1153.97                 1389                 1624.69                 1861.06                 2098.09
212                 0                 919.613                 1153.97                 1389                 1624.69                 1861.06                 2098.09
213                 0                 1010.84                 1376.72                 1744.64                 2114.61                 2486.61                 2860.66
214                 0                 1010.84                 1376.72                 1744.64                 2114.61                 2486.61                 2860.66
215                 0                 1010.84                 1376.72                 1744.64                 2114.61                 2486.61                 2860.66
216                 0                 1010.84                 1376.72                 1744.64                 2114.61                 2486.61                 2860.66
217                 0                 3439.3                 4437.46                 5439.19                 6444.5                 7453.37                 8465.82
218                 0                 3565.98                 4625.66                 5687.66                 6751.96                 7818.56                 8887.48
219                 0                 1032.8                 1400.73                 1770.59                 2142.39                 2516.13                 2891.8
220                 0                 1010.84                 1376.72                 1744.64                 2114.61                 2486.61                 2860.66
221                 0                 944.987                 1493.21                 2047.4                 2607.58                 3173.73                 3745.85
222                 0                 818.048                 1089.61                 1363.22                 1638.89                 1916.6                 2196.37
223                 0                 1178.44                 1517.2                 1858.23                 2201.54                 2547.12                 2894.98
224                 0                 919.613                 1153.97                 1389                 1624.69                 1861.06                 2098.09
225                 0                 937.922                 1183.93                 1430.3                 1677.03                 1924.12                 2171.57
226                 0                 948.073                 1198.63                 1449.48                 1700.6                 1952                 2203.68
227                 0                 3439.3                 4437.46                 5439.19                 6444.5                 7453.37                 8465.82
228                 0                 3565.98                 4625.66                 5687.66                 6751.96                 7818.56                 8887.48
229                 0                 1032.8                 1400.73                 1770.59                 2142.39                 2516.13                 2891.8
230                 0                 1010.84                 1376.72                 1744.64                 2114.61                 2486.61                 2860.66
231                 0                 944.987                 1493.21                 2047.4                 2607.58                 3173.73                 3745.85
232                 0                 818.048                 1089.61                 1363.22                 1638.89                 1916.6                 2196.37
233                 0                 1178.44                 1517.2                 1858.23                 2201.54                 2547.12                 2894.98
234                 0                 919.613                 1153.97                 1389                 1624.69                 1861.06                 2098.09
235                 0                 937.922                 1183.93                 1430.3                 1677.03                 1924.12                 2171.57
236                 0                 948.073                 1198.63                 1449.48                 1700.6                 1952                 2203.68
237                 0                 3439.3                 4437.46                 5439.19                 6444.5                 7453.37                 8465.82
238                 0                 3565.98                 4625.66                 5687.66                 6751.96                 7818.56                 8887.48
239                 0                 1032.8                 1400.73                 1770.59                 2142.39                 2516.13                 2891.8
240                 0                 1010.84                 1376.72                 1744.64                 2114.61                 2486.61                 2860.66
241                 0                 944.987                 1493.21                 2047.4                 2607.58                 3173.73                 3745.85
242                 0                 818.048                 1089.61                 1363.22                 1638.89                 1916.6                 2196.37
243                 0                 1178.44                 1517.2                 1858.23                 2201.54                 2547.12                 2894.98
244                 0                 919.613                 1153.97                 1389                 1624.69                 1861.06                 2098.09
245                 0                 937.922                 1183.93                 1430.3                 1677.03                 1924.12                 2171.57
246                 0                 948.073                 1198.63                 1449.48                 1700.6                 1952                 2203.68
247                 0                 3439.3                 4437.46                 5439.19                 6444.5                 7453.37                 8465.82
248                 0                 3565.98                 4625.66                 5687.66                 6751.96                 7818.56                 8887.48
249                 0                 1032.8                 1400.73                 1770.59                 2142.39                 2516.13                 2891.8
250                 0                 1010.84                 1376.72                 1744.64                 2114.61                 2486.61                 2860.66
251                 0                 944.987                 1493.21                 2047.4                 2607.58                 3173.73                 3745.85
252                 0                 818.048                 1089.61                 1363.22                 1638.89                 1916.6                 2196.37
253                 0                 1178.44                 1517.2                 1858.23                 2201.54                 2547.12                 2894.98
254                 0                 919.613                 1153.97                 1389                 1624.69                 1861.06                 2098.09
255                 0                 937.922                 1183.93                 1430.3                 1677.03                 1924.12                 2171.57
256                 0                 948.073                 1198.63                 1449.48                 1700.6                 1952                 2203.68
257                 0                 3439.3                 4437.46                 5439.19                 6444.5                 7453.37                 8465.82
258                 0                 3565.98                 4625.66                 5687.66                 6751.96                 7818.56                 8887.48
259                 0                 1032.8                 1400.73                 1770.59                 2142.39                 2516.13                 2891.8
260                 0                 1010.84                 1376.72                 1744.64                 2114.61                 2486.61                 2860.66
261                 0                 944.987                 1493.21                 2047.4                 2607.58                 3173.73                 3745.85
262                 0                 818.048                 1089.61                 1363.22                 1638.89                 1916.6                 2196.37
263                 0                 1178.44                 1517.2                 1858.23                 2201.54                 2547.12                 2894.98
264                 0                 919.613                 1153.97                 1389                 1624.69                 1861.06                 2098.09
265                 0                 937.922                 1183.93                 1430.3                 1677.03                 1924.12                 2171.57
266                 0                 948.073                 1198.63                 1449.48                 1700.6                 1952                 2203.68
267                 0                 3439.3                 4437.46                 5439.19                 6444.5                 7453.37                 8465.82
268                 0                 3565.98                 4625.66                 5687.66                 6751.96                 7818.56                 8887.48
269                 0                 1032.8                 1400.73                 1770.59                 2142.39                 2516.13                 2891.8
270                 0                 1010.84                 1376.72                 1744.64                 2114.61                 2486.61                 2860.66
271                 0                 944.987                 1493.21                 2047.4                 2607.58                 3173.73                 3745.85
272                 0                 818.048                 1089.61                 1363.22                 1638.89                 1916.6                 2196.37
273                 0                 1178.44                 1517.2                 1858.23                 2201.54                 2547.12                 2894.98
274                 0                 919.613                 1153.97                 1389                 1624.69                 1861.06                 2098.09
275                 0                 937.922                 1183.93                 1430.3                 1677.03                 1924.12                 2171.57
276                 0                 948.073                 1198.63                 1449.48                 1700.6                 1952                 2203.68
277                 0                 3439.3                 4437.46                 5439.19                 6444.5                 7453.37                 8465.82
278                 0                 3565.98                 4625.66                 5687.66                 6751.96                 7818.56                 8887.48
279                 0                 1032.8                 1400.73                 1770.59                 2142.39                 2516.13                 2891.8
280                 0                 1010.84                 1376.72                 1744.64                 2114.61                 2486.61                 2860.66
281                 0                 944.987                 1493.21                 2047.4                 2607.58                 3173.73                 3745.85
282                 0                 818.048                 1089.61                 1363.22                 1638.89                 1916.6                 2196.37
283                 0                 1178.44                 1517.2                 1858.23                 2201.54                 2547.12                 2894.98
284                 0                 919.613                 1153.97                 1389                 1624.69                 1861.06                 2098.09
285                 0                 937.922                 1183.93                 1430.3                 1677.03                 1924.12                 2171.57
286                 0                 948.073                 1198.63                 1449.48                 1700.6                 1952                 2203.68
287                 0                 3439.3                 4437.46                 5439.19                 6444.5                 7453.37                 8465.82
288                 0                 3565.98                 4625.66                 5687.66                 6751.96                 7818.56                 8887.48
289                 0                 1032.8                 1400.73                 1770.59                 2142.39                 2516.13                 2891.8
290                 0                 1010.84                 1376.72                 1744.64                 2114.61                 2486.61                 2860.66
291                 0                 944.987                 1493.21                 2047.4                 2607.58                 3173.73                 3745.85
292                 0                 818.048                 1089.61                 1363.22                 1638.89                 1916.6                 2196.37
293                 0                 1178.44                 1517.2                 1858.23                 2201.54                 2547.12                 2894.98
294                 0                 919.613                 1153.97                 1389                 1624.69                 1861.06                 2098.09
295                 0                 937.922                 1183.93                 1430.3                 1677.03                 1924.12                 2171.57
296                 0                 948.073                 1198.63                 1449.48                 1700.6                 1952                 2203.68
297                 0                 3439.3                 4437.46                 5439.19                 6444.5                 7453.37                 8465.82
298                 0                 3565.98                 4625.66                 5687.66                 6751.96                 7818.56                 8887.48
299                 0                 1032.8                 1400.73                 1770.59                 2142.39                 2516.13                 2891.8
300                 0                 1010.84                 1376.72                 1744.64                 2114.61                 2486.61                 2860.66
301                 0                 944.987                 1493.21                 2047.4                 2607.58                 3173.73                 3745.85
302                 0                 818.048                 1089.61                 1363.22                 1638.89                 1916.6                 2196.37
303                 0                 1178.44                 1517.2                 1858.23                 2201.54                 2547.12                 2894.98
304                 0                 919.613                 1153.97                 1389                 1624.69                 1861.06                 2098.09
305                 0                 937.922                 1183.93                 1430.3                 1677.03                 1924.12                 2171.57
306                 0                 948.073                 1198.63                 1449.48                 1700.6                 1952                 2203.68
307                 0                 3439.3                 4437.46                 5439.19                 6444.5                 7453.37                 8465.82
308                 0                 3565.98                 4625.66                 5687.66                 6751.96                 7818.56                 8887.48
309                 0                 1032.8                 1400.73                 1770.59                 2142.39                 2516.13                 2891.8
310                 0                 1010.84                 1376.72                 1744.64                 2114.61                 2486.61                 2860.66
311                 0                 944.987                 1493.21                 2047.4                 2607.58                 3173.73                 3745.85
312                 0                 818.048                 1089.61                 1363.22                 1638.89                 1916.6                 2196.37
313                 0                 1178.44                 1517.2                 1858.23                 2201.54                 2547.12                 2894.98
314                 0                 919.613                 1153.97                 1389                 1624.69                 1861.06                 2098.09
315                 0                 937.922                 1183.93                 1430.3                 1677.03                 1924.12                 2171.57
316                 0                 948.073                 1198.63                 1449.48                 1700.6                 1952                 2203.68
317                 0                 3439.3                 4437.46                 5439.19                 6444.5                 7453.37                 8465.82
318                 0                 3565.98                 4625.66                 5687.66                 6751.96                 7818.56                 8887.48
319                 0                 1032.8                 1400.73                 1770.59                 2142.39                 2516.13                 2891.8
320                 0                 1010.84                 1376.72                 1744.64                 2114.61                 2486.61                 2860.66
321                 0                 944.987                 1493.21                 2047.4                 2607.58                 3173.73                 3745.85
322                 0                 818.048                 1089.61                 1363.22                 1638.89                 1916.6                 2196.37
323                 0                 1178.44                 1517.2                 1858.23                 2201.54                 2547.12                 2894.98
324                 0                 919.613                 1153.97                 1389                 1624.69                 1861.06                 2098.09
325                 0                 937.922                 1183.93                 1430.3                 1677.03                 1924.12                 2171.57
326                 0                 948.073                 1198.63                 1449.48                 1700.6                 1952                 2203.68
327                 0                 3439.3                 4437.46                 5439.19                 6444.5                 7453.37                 8465.82
328                 0                 3565.98                 4625.66                 5687.66                 6751.96                 7818.56                 8887.48
329                 0                 1032.8                 1400.73                 1770.59                 2142.39                 2516.13                 2891.8
330                 0                 1010.84                 1376.72                 1744.64                 2114.61                 2486.61                 2860.66
331                 0                 944.987                 1493.21                 2047.4                 2607.58                 3173.73                 3745.85
332                 0                 818.048                 1089.61                 1363.22                 1638.89                 1916.6                 2196.37
333                 0                 1178.44                 1517.2                 1858.23                 2201.54                 2547.12                 2894.98
334                 0                 919.613                 1153.97                 1389                 1624.69                 1861.06                 2098.09
335                 0                 937.922                 1183.93                 1430.3                 1677.03                 1924.12                 2171.57
336                 0                 948.073                 1198.63                 1449.48                 1700.6                 1952                 2203.68
337                 0                 3439.3                 4437.46                 5439.19                 6444.5                 7453.37                 8465.82
338                 0                 3565.98                 4625.66                 5687.66                 6751.96                 7818.56                 8887.48
339                 0                 1032.8                 1400.73                 1770.59                 2142.39                 2516.13                 2891.8
340                 0                 1010.84                 1376.72                 1744.64                 2114.61                 2486.61                 2860.66
341                 0                 944.987                 1493.21                 2047.4                 2607.58                 3173.73                 3745.85
342                 0                 818.048                 1089.61                 1363.22                 1638.89                 1916.6                 2196.37
343                 0                 1178.44                 1517.2                 1858.23                 2201.54                 2547.12                 2894.98
344                 0                 919.613                 1153.97                 1389                 1624.69                 1861.06                 2098.09
345                 0                 937.922                 1183.93                 1430.3                 1677.03                 1924.12                 2171.57
346                 0                 948.073                 1198.63                 1449.48                 1700.6                 1952                 2203.68
347                 0                 3439.3                 4437.46                 5439.19                 6444.5                 7453.37                 8465.82
348                 0                 3565.98                 4625.66                 5687.66                 6751.96                 7818.56                 8887.48
349                 0                 1032.8                 1400.73                 1770.59                 2142.39                 2516.13                 2891.8
350                 0                 1010.84                 1376.72                 1744.64                 2114.61                 2486.61                 2860.66
351                 0                 944.987                 1493.21                 2047.4                 2607.58                 3173.73                 3745.85
352                 0                 818.048                 1089.61                 1363.22                 1638.89                 1916.6                 2196.37
353                 0                 1178.44                 1517.2                 1858.23                 2201.54                 2547.12                 2894.98
354                 0                 919.613                 1153.97                 1389                 1624.69                 1861.06                 2098.09
355                 0                 937.922                 1183.93                 1430.3                 1677.03                 1924.12                 2171.57
356                 0                 948.073                 1198.63                 1449.48                 1700.6                 1952                 2203.68
357                 0                 3439.3                 4437.46                 5439.19                 6444.5                 7453.37                 8465.82
358                 0                 3565.98                 4625.66                 5687.66                 6751.96                 7818.56                 8887.48
359                 0                 1032.8                 1400.73                 1770.59                 2142.39                 2516.13                 2891.8
360                 0                 1010.84                 1376.72                 1744.64                 2114.61                 2486.61                 2860.66
361                 0                 944.987                 1493.21                 2047.4                 2607.58                 3173.73                 3745.85
362                 0                 818.048                 1089.61                 1363.22                 1638.89                 1916.6                 2196.37
363                 0                 1178.44                 1517.2                 1858.23                 2201.54                 2547.12                 2894.98
364                 0                 919.613                 1153.97                 1389                 1624.69                 1861.06                 2098.09
365                 0                 937.922                 1183.93                 1430.3                 1677.03                 1924.12                 2171.57
366                 0                 948.073                 1198.63                 1449.48                 1700.6                 1952                 2203.68
367                 0                 3439.3                 4437.46                 5439.19                 6444.5                 7453.37                 8465.82
368                 0                 3565.98                 4625.66                 5687.66                 6751.96                 7818.56                 8887.48
369                 0                 1032.8                 1400.73                 1770.59                 2142.39                 2516.13                 2891.8
370                 0                 1010.84                 1376.72                 1744.64                 2114.61                 2486.61                 2860.66
371                 0                 944.987                 1493.21                 2047.4                 2607.58                 3173.73                 3745.85
372                 0                 818.048                 1089.61                 1363.22                 1638.89                 1916.6                 2196.37
373                 0                 1178.44                 1517.2                 1858.23                 2201.54                 2547.12                 2894.98
374                 0                 919.613                 1153.97                 1389                 1624.69                 1861.06                 2098.09
375                 0                 937.922                 1183.93                 1430.3                 1677.03                 1924.12                 2171.57
376                 0                 948.073                 1198.63                 1449.48                 1700.6                 1952                 2203.68
377                 0                 3439.3                 4437.46                 5439.19                 6444.5                 7453.37                 8465.82
378                 0                 3565.98                 4625.66                 5687.66                 6751.96                 7818.56                 8887.48
379                 0                 1032.8                 1400.73                 1770.59                 2142.39                 2516.13                 2891.8
380                 0                 1010.84                 1376.72                 1744.64                 2114.61                 2486.61                 2860.66
381                 0                 944.987                 1493.21                 2047.4                 2607.58                 3173.73                 3745.85
382                 0                 818.048                 1089.61                 1363.22                 1638.89                 1916.6                 2196.37
383                 0                 1178.44                 1517.2                 1858.23                 2201.54                 2547.12                 2894.98
384                 0                 919.613                 1153.97                 1389                 1624.69                 1861.06                 2098.09
385                 0                 937.922                 1183.93                 1430.3                 1677.03                 1924.12                 2171.57
386                 0                 948.073                 1198.63                 1449.48                 1700.6                 1952                 2203.68
387                 0                 3439.3                 4437.46                 5439.19                 6444.5                 7453.37                 8465.82
388                 0                 3565.98                 4625.66                 5687.66                 6751.96                 7818.56                 8887.48
389                 0                 1032.8                 1400.73                 1770.59                 2142.39                 2516.13                 2891.8
390                 0                 1010.84                 1376.72                 1744.64                 2114.61                 2486.61                 2860.66
391                 0                 944.987                 1493.21                 2047.4                 2607.58                 3173.73                 3745.85
392                 0                 818.048                 1089.61                 1363.22                 1638.89                 1916.6                 2196.37
393                 0                 1178.44                 1517.2                 1858.23                 2201.54                 2547.12                 2894.98
394                 0                 919.613                 1153.97                 1389                 1624.69                 1861.06                 2098.09
395                 0                 937.922                 1183.93                 1430.3                 1677.03                 1924.12                 2171.57
396                 0                 948.073                 1198.63                 1449.48                 1700.6                 1952                 2203.68
397                 0                 3439.3                 4437.46                 5439.19                 6444.5                 7453.37                 8465.82
398                 0                 3565.98                 4625.66                 5687.66                 6751.96                 7818.56                 8887.48
399                 0                 1032.8                 1400.73                 1770.59                 2142.39                 2516.13                 2891.8
400                 0                 1010.84                 1376.72                 1744.64                 2114.61                 2486.61                 2860.66
401                 0                 944.987                 1493.21                 2047.4                 2607.58                 3173.73                 3745.85
402                 0                 818.048                 1089.61                 1363.22                 1638.89                 1916.6                 2196.37
403                 0                 1178.44                 1517.2                 1858.23                 2201.54                 2547.12                 2894.98
404                 0                 919.613                 1153.97                 1389                 1624.69                 1861.06                 2098.09
405                 0                 937.922                 1183.93                 1430.3                 1677.03                 1924.12                 2171.57
406                 0                 948.073                 1198.63                 1449.48                 1700.6                 1952                 2203.68
